Speed (m/s)		Cd (HM7H)		(Cd HM9)																							
0		0.5396		0.616685714																							
1.7878		0.5094		0.582171429																							
2.3103		0.48694		0.556502857																							
2.8722		0.46922		0.536251429																							
3.4735		0.45466		0.519611429																							
4.0924		0.44275		0.506																							
4.7071		0.43303		0.494891429																							
5.3176		0.42486		0.485554286																							
5.9239		0.41787		0.477565714																							
6.526		0.41178		0.470605714																							
7.1239		0.4064		0.464457143																							
7.7175		0.40161		0.458982857																							
8.307		0.39729		0.454045714																							
8.8922		0.39338		0.449577143																							
9.4731		0.3898		0.445485714																							
10.052		0.3865		0.441714286																							
10.628		0.38346		0.43824																							
11.173		0.38076		0.435154286																							
11.99		0.37702		0.43088																							
13.215		0.37294		0.426217143																							
15.054		0.37297		0.426251429																							
17.812		0.37302		0.426308571																							
20.707		0.37308		0.426377143																							
23.614		0.37314		0.426445714																							
26.552		0.37322		0.426537143																							
29.52		0.37331		0.42664																							
32.519		0.37341		0.426754286																							
35.549		0.37352		0.42688																							
38.609		0.37364		0.427017143																							
41.7		0.37377		0.427165714																							
44.805		0.37392		0.427337143																							
47.899		0.37407		0.427508571																							
50.981		0.37423		0.427691429																							
54.051		0.3744		0.427885714																							
57.116		0.37459		0.428102857																							
60.192		0.37478		0.42832																							
63.276		0.37498		0.428548571																							
66.37		0.3752		0.4288																							
69.474		0.37542		0.429051429																							
72.586		0.37566		0.429325714																							
75.707		0.37591		0.429611429																							
78.838		0.37617		0.429908571																							
81.977		0.37644		0.430217143																							
85.125		0.37673		0.430548571																							
88.282		0.37702		0.43088																							
91.447		0.37733		0.431234286																							
94.621		0.37765		0.4316																							
97.803		0.37799		0.431988571																							
100.99		0.37833		0.432377143																							
104.19		0.37869		0.432788571																							
107.4		0.37906		0.433211429																							
110.61		0.37944		0.433645714																							
113.84		0.37984		0.434102857																							
117.07		0.38025		0.434571429																							
120.3		0.38068		0.435062857																							
123.53		0.38111		0.435554286																							
126.77		0.38156		0.436068571																							
129.99		0.38202		0.436594286																							
133.22		0.3825		0.437142857																							
136.45		0.38298		0.437691429																							
139.67		0.38348		0.438262857																							
142.89		0.384		0.438857143																							
146.11		0.38452		0.439451429																							
149.33		0.38506		0.440068571																							
152.55		0.38562		0.440708571																							
155.76		0.38618		0.441348571																							
158.96		0.38676		0.442011429																							
162.17		0.38735		0.442685714																							
165.37		0.38796		0.443382857																							
168.57		0.38858		0.444091429																							
171.77		0.38922		0.444822857																							
174.96		0.38987		0.445565714																							
178.14		0.39053		0.44632																							
181.33		0.39121		0.447097143																							
184.5		0.3919		0.447885714																							
187.67		0.39261		0.448697143																							
190.84		0.39334		0.449531429																							
193.99		0.39407		0.450365714																							
197.14		0.39483		0.451234286																							
200.28		0.39559		0.452102857																							
203.41		0.39638		0.453005714																							
206.53		0.39718		0.45392																							
209.64		0.398		0.454857143																							
212.74		0.39883		0.455805714																							
215.84		0.39968		0.456777143																							
218.92		0.40055		0.457771429																							
222		0.40143		0.458777143																							
225.06		0.40234		0.459817143																							
228.12		0.40326		0.460868571																							
231.17		0.40421		0.461954286																							
234.2		0.40517		0.463051429																							
237.23		0.40616		0.464182857																							
240.24		0.40717		0.465337143																							
243.25		0.4082		0.466514286																							
246.24		0.40926		0.467725714																							
249.22		0.41035		0.468971429																							
252.19		0.41146		0.47024																							
255.15		0.41259		0.471531429																							
258.09		0.41376		0.472868571																							
261.02		0.41496		0.47424																							
263.94		0.4162		0.475657143																							
266.84		0.41747		0.477108571																							
269.74		0.41878		0.478605714																							
272.61		0.42014		0.48016																							
275.48		0.42154		0.48176																							
278.33		0.423		0.483428571																							
281.16		0.42451		0.485154286																							
283.98		0.42608		0.486948571																							
286.79		0.42772		0.488822857																							
289.58		0.42944		0.490788571																							
292.35		0.43125		0.492857143																							
295.11		0.43317		0.495051429																							
297.86		0.43519		0.49736																							
300.59		0.43736		0.49984																							
303.3		0.43968		0.502491429																							
305.99		0.4397		0.502514286																							
308.67		0.43933		0.502091429																							
311.33		0.43897		0.50168																							
313.98		0.43862		0.50128																							
316.61		0.43828		0.500891429																							
319.23		0.43796		0.500525714																							
321.84		0.43764		0.50016																							
324.43		0.43734		0.499817143																							
327		0.43705		0.499485714																							
329.56		0.43677		0.499165714																							
332.1		0.4365		0.498857143																							
334.63		0.43624		0.49856																							
337.15		0.43802		0.500594286																							
339.63		0.44688		0.51072																							
342.09		0.45564		0.520731429																							
344.51		0.46264		0.528731429																							
346.9		0.4683		0.5352																							
349.26		0.47391		0.541611429																							
351.6		0.47738		0.545577143																							
353.91		0.48038		0.549005714																							
356.19		0.48336		0.552411429																							
358.45		0.48416		0.553325714																							
360.68		0.48495		0.554228571																							
362.89		0.48559		0.55496																							
365.08		0.4846		0.553828571																							
367.24		0.48362		0.552708571																							
369.39		0.48255		0.551485714																							
371.52		0.48057		0.549222857																							
373.64		0.47861		0.546982857																							
375.73		0.47662		0.544708571																							
377.81		0.47356		0.541211429																							
379.88		0.47052		0.537737143																							
381.93		0.46751		0.534297143																							
383.97		0.46373		0.529977143																							
386		0.45991		0.525611429																							
388.03		0.45611		0.521268571																							
390.06		0.45188		0.516434286																							
392.09		0.4475		0.511428571																							
394.13		0.44311		0.506411429																							
396.18		0.43854		0.501188571																							
398.2		0.43393		0.49592																							
400.12		0.42953		0.490891429																							
401.95		0.42534		0.486102857																							
403.68		0.42136		0.481554286																							
405.31		0.41759		0.477245714																							
406.7		0.41436		0.473554286																							
407.59		0.41222		0.471108571																							
407.98		0.41122		0.469965714																							
																											
																											
																											
																											
																											
																											
																											
																											
																											
																											
																											
																											
																											
																											
																											
																											
																											
																											
																											
																											
																											
																											
																											
																											
																											
																											
																											
																											
																											
																											
																											
																											
																											
																											
																											
																											
																											
																											
																											
																											
																											
																											
																											
																											
																											
																											
																											
																											
																											
																											
																											
																											
																											
																											
																											
																											
																											
																											
																											
																											
																											
																											
																											
																											
																											
																											
																											
																											
																											
																											
																											
																											
																											
																											
																											
																											
																											
																											
																											
																											
																											
																											
																											
																											
																											
																											
																											
																											
																											
																											
																											
																											
																											
																											
																											
																											
																											
																											
																											
																											
																											
																											
																											
																											
																											
																											
																											
																											
																											
																											
																											
																											
																											
																											
																											
																											
																											
																											
																											
																											
																											
																											
																											
																											
																											
																											
																											
																											
																											
																											
																											
																											
																											
																											
																											
																											
																											
																											
																											
																											
																											
																											
																											
																											
																											
																											
																											
																											
																											
																											
																											
																											
																											
																											
																											
																											
																											
																											
																											
																											
																											
																											
																											
																											
																											
																											
																											
																											
																											
																											
																											
																											
																											
																											
																											
																											
																											
																											
																											
																											
																											
																											
																											
																											
																											
																											
																											
																											
																											
																											
																											
																											
																											
																											
																											
																											
																											
																											
																											
																											
																											
																											
																											
																											
																											
																											
																											
																											
																											
																											
																											
																											
																											
																											
																											
																											
																											
																											
																											
																											
																											
																											
																											
																											
																											
																											
																											
																											
																											
																											
																											
																											
																											
																											
																											
																											
																											
																											
																											
																											
																											
																											
																											
																											
																											
																											
																											
																											
																											
																											
																											
																											
																											
																											
																											
																											
																											
																											
																											
																											
																											
																											
																											
																											
																											
																											
																											
																											
																											
																											
																											
																											
																											
																											
																											
																											
																											
																											
																											
																											
																											
																											
																											
																											
																											
																											
																											
																											
																											
																											
																											
																											
																											
																											
																											
																											
																											
																											
																											
																											
																											
																											
																											
																											
																											
																											
																											
																											
																											
																											
																											
																											
																											
																											
																											
																											
																											
																											
																											
																											
																											
																											
																											
																											
																											
																											
																											
																											
																											
																											
																											
																											
																											
																											
																											
																											
																											
																											
																											
																											
																											
																											
																											
																											
																											
																											
																											
																											
																											
																											
																											
																											
																											
																											
																											
																											
																											
																											
																											
																											
																											
																											
																											
																											
																											
																											
																											
																											
																											
																											
																											
																											
																											
																											
																											
																											
																											
																											
																											
																											
																											
																											
																											
																											
																											
																											
																											
																											
																											
																											
																											
																											
																											
																											
																											
																											
																											
																											
																											
																											
																											
																											
																											
																											
																											
																											
																											
																											
																											
																											
																											
																											
																											
																											
																											
																											
																											
																											
																											
																											
																											
																											
																											
																											
																											
																											
																											
																											
																											
																											
																											
																											
																											
																											
																											
																											
																											
																											
																											
																											
																											
																											
																											
																											
																											
																											
																											
																											
																											
																											
																											
																											
																											
																											
																											
																											
																											
																											
																											
																											
																											
																											
																											
																											
																											
																											
																											
																											
																											
																											
																											
																											
																											
																											
																											
																											
																											
																											
																											
																											
																											
																											
																											
																											
																											
																											
																											
																											
																											
																											
																											
																											
																											
																											
																											
																											
																											
																											
																											
																											
																											
																											
																											
																											
																											
																											
																											
																											
																											
																											
																											
																											
																											
																											
																											
																											
																											
																											
																											
																											
																											
																											
																											
																											
																											
																											
																											
																											
																											
																											
																											
																											
																											
																											
																											
																											
																											
																											
																											
																											
																											
																											
																											
																											
																											
																											
																											
																											
																											
																											
																											
																											
																											
																											
																											
																											
																											
																											
																											
																											
																											
																											
																											
																											
																											
																											
																											
																											
																											
																											
																											
																											
																											
																											
																											
																											
																											
																											
																											
																											
																											
																											
																											
																											
																											
																											
																											
																											
																											
																											
																											
																											
																											
																											
																											
																											
																											
																											
																											
																											
																											
																											
																											
																											
																											
																											
																											
																											
																											
																											
																											
																											
																											
																											
																											
																											
																											
																											
																											
																											
																											
																											
																											
																											
																											
																											
																											
																											
																											
																											
																											
																											
																											
																											
																											
																											
																											
																											
																											
																											
																											
																											
																											
																											
																											
																											
																											
																											
																											
																											
																											
																											
																											
																											
																											
																											
																											
																											
																											
																											
																											
																											
																											
																											
																											
																											
																											
																											
																											
																											
																											
																											
																											
																											
																											
																											
																											
																											
																											
																											
																											
																											
																											
																											
																											
																											
																											
																											
																											
																											
																											
																											
																											
																											
																											
																											
																											
																											
																											
																											
																											
																											
																											
																											
																											
																											
																											
																											
																											
																											
																											
																											
																											
																											
																											
																											
																											
																											
																											
																											
																											
																											
																											
																											
																											
																											
																											
																											
																											
																											
																											
																											
																											
																											
																											
																											
																											
																											
																											
																											
																											
																											
																											
																											
																											
																											
																											
																											
																											
																											
																											
																											
																											
																											
																											
																											
																											
																											
																											
																											
																											
																											
																											
																											
																											
																											
																											
																											
																											
																											
																											
																											
																											
																											
																											
																											
																											
																											
																											
																											
																											
																											
																											
																											
																											
																											
																											
																											
																											
																											
																											
																											
																											
																											
																											
																											
																											
																											
																											
																											
																											
																											
																											
																											
																											
																											
																											
																											
																											
																											
																											
																											
																											
																											
																											
																											
																											
																											
																											
																											
																											
																											
																											
																											
																											
																											
																											
																											
																											
																											
																											
																											
																											
																											
																											
